␠␠␠␠␠␠␠␠␠␠␠␠␠␠␠␠␠␠␠␠␠␠␠␠␠␠␠␠␠␠␠␠␠␠␠␠␠␠␠␠␠␠␠␠␠␠␠␠␠␠␠␠␠␠␠␠␠␠␠␠
␠␠␠␠␠␠␠␠␠␠␠␠␠␠␠␠␠␠␠␠␠␠␠␠␠␠␠␠␠␠␠␠␠␠␠␠␠␠␠␠␠␠␠␠␠␠␠␠␠␠␠␠␠␠␠␠␠␠␠␠
␠␠␠␠␠␠␠␠␠␠␠␠␠␠␠␠␠␠␠␠␠␠␠␠␠␠␠␠␠␠␠␠␠␠␠␠␠␠␠␠␠␠␠␠␠␠␠␠␠␠␠␠␠␠␠␠␠␠␠␠
␠␠␠␠␠␠␠␠␠␠␠␠␠␠␠␠␠␠␠␠␠␠␠␠␠␠␠␠␠␠␠␠␠␠␠␠␠␠␠␠␠␠␠␠␠␠␠␠␠␠␠␠␠␠␠␠␠␠␠␠
␠␠␠␠␠␠␠␠␠␠␠␠␠␠␠␠␠␠␠␠␠␠␠␠␠␠␠␠␠␠␠␠␠␠␠␠␠␠␠␠␠␠␠␠␠␠␠␠␠␠␠␠␠␠␠␠␠␠␠␠
  Question 1/1 (1 unanswered)␠␠␠␠␠␠␠␠␠␠␠␠␠␠␠␠␠␠␠␠␠␠␠␠␠␠␠␠␠␠␠
  Proceed?␠␠␠␠␠␠␠␠␠␠␠␠␠␠␠␠␠␠␠␠␠␠␠␠␠␠␠␠␠␠␠␠␠␠␠␠␠␠␠␠␠␠␠␠␠␠␠␠␠␠
␠␠␠␠␠␠␠␠␠␠␠␠␠␠␠␠␠␠␠␠␠␠␠␠␠␠␠␠␠␠␠␠␠␠␠␠␠␠␠␠␠␠␠␠␠␠␠␠␠␠␠␠␠␠␠␠␠␠␠␠
  › 1. Yes␠␠␠␠␠␠␠␠␠␠␠␠␠␠␠␠␠␠␠␠␠␠␠␠␠␠␠␠␠␠␠␠␠␠␠␠␠␠␠␠␠␠␠␠␠␠␠␠␠␠
    2. No␠␠␠␠␠␠␠␠␠␠␠␠␠␠␠␠␠␠␠␠␠␠␠␠␠␠␠␠␠␠␠␠␠␠␠␠␠␠␠␠␠␠␠␠␠␠␠␠␠␠␠
    Type your own answer␠␠␠␠␠␠␠␠␠␠␠␠␠␠␠␠␠␠␠␠␠␠␠␠␠␠␠␠␠␠␠␠␠␠␠␠
␠␠␠␠␠␠␠␠␠␠␠␠␠␠␠␠␠␠␠␠␠␠␠␠␠␠␠␠␠␠␠␠␠␠␠␠␠␠␠␠␠␠␠␠␠␠␠␠␠␠␠␠␠␠␠␠␠␠␠␠
  enter to submit answer | esc to interrupt␠␠␠␠␠␠␠␠␠␠␠␠␠␠␠␠␠
␠␠␠␠␠␠␠␠␠␠␠␠␠␠␠␠␠␠␠␠␠␠␠␠␠␠␠␠␠␠␠␠␠␠␠␠␠␠␠␠␠␠␠␠␠␠␠␠␠␠␠␠␠␠␠␠␠␠␠␠
␠␠␠␠␠␠␠␠␠␠␠␠␠␠␠␠␠␠␠␠␠␠␠␠␠␠␠␠␠␠␠␠␠␠␠␠␠␠␠␠␠␠␠␠␠␠␠␠␠␠␠␠␠␠␠␠␠␠␠␠
␠␠␠␠␠␠␠␠␠␠␠␠␠␠␠␠␠␠␠␠␠␠␠␠␠␠␠␠␠␠␠␠␠␠␠␠␠␠␠␠␠␠␠␠␠␠␠␠␠␠␠␠␠␠␠␠␠␠␠␠

cell appearances:
00 00 00 00 00 00 00 00 00 00 00 00 00 00 00 00 00 00 00 00 00 00 00 00 00 00 00 00 00 00 00 00 00 00 00 00 00 00 00 00 00 00 00 00 00 00 00 00 00 00 00 00 00 00 00 00 00 00 00 00
00 00 00 00 00 00 00 00 00 00 00 00 00 00 00 00 00 00 00 00 00 00 00 00 00 00 00 00 00 00 00 00 00 00 00 00 00 00 00 00 00 00 00 00 00 00 00 00 00 00 00 00 00 00 00 00 00 00 00 00
00 00 00 00 00 00 00 00 00 00 00 00 00 00 00 00 00 00 00 00 00 00 00 00 00 00 00 00 00 00 00 00 00 00 00 00 00 00 00 00 00 00 00 00 00 00 00 00 00 00 00 00 00 00 00 00 00 00 00 00
00 00 00 00 00 00 00 00 00 00 00 00 00 00 00 00 00 00 00 00 00 00 00 00 00 00 00 00 00 00 00 00 00 00 00 00 00 00 00 00 00 00 00 00 00 00 00 00 00 00 00 00 00 00 00 00 00 00 00 00
01 01 01 01 01 01 01 01 01 01 01 01 01 01 01 01 01 01 01 01 01 01 01 01 01 01 01 01 01 01 01 01 01 01 01 01 01 01 01 01 01 01 01 01 01 01 01 01 01 01 01 01 01 01 01 01 01 01 01 01
02 02 02 02 02 02 02 02 02 02 02 02 02 02 02 02 02 02 02 02 02 02 02 02 02 02 02 02 02 01 01 01 01 01 01 01 01 01 01 01 01 01 01 01 01 01 01 01 01 01 01 01 01 01 01 01 01 01 01 01
01 01 01 01 01 01 01 01 01 01 01 01 01 01 01 01 01 01 01 01 01 01 01 01 01 01 01 01 01 01 01 01 01 01 01 01 01 01 01 01 01 01 01 01 01 01 01 01 01 01 01 01 01 01 01 01 01 01 01 01
01 01 01 01 01 01 01 01 01 01 01 01 01 01 01 01 01 01 01 01 01 01 01 01 01 01 01 01 01 01 01 01 01 01 01 01 01 01 01 01 01 01 01 01 01 01 01 01 01 01 01 01 01 01 01 01 01 01 01 01
03 03 03 03 03 03 03 02 02 02 01 01 01 01 01 01 01 01 01 01 01 01 01 01 01 01 01 01 01 01 01 01 01 01 01 01 01 01 01 01 01 01 01 01 01 01 01 01 01 01 01 01 01 01 01 01 01 01 01 01
04 04 04 04 05 05 05 04 04 01 01 01 01 01 01 01 01 01 01 01 01 01 01 01 01 01 01 01 01 01 01 01 01 01 01 01 01 01 01 01 01 01 01 01 01 01 01 01 01 01 01 01 01 01 01 01 01 01 01 01
04 04 04 04 05 05 05 05 05 05 05 05 05 05 05 05 05 05 05 05 05 05 05 05 01 01 01 01 01 01 01 01 01 01 01 01 01 01 01 01 01 01 01 01 01 01 01 01 01 01 01 01 01 01 01 01 01 01 01 01
01 01 01 01 01 01 01 01 01 01 01 01 01 01 01 01 01 01 01 01 01 01 01 01 01 01 01 01 01 01 01 01 01 01 01 01 01 01 01 01 01 01 01 01 01 01 01 01 01 01 01 01 01 01 01 01 01 01 01 01
05 05 05 05 05 05 05 05 05 05 05 05 05 05 05 05 05 05 05 05 05 05 05 05 05 05 05 05 05 05 05 05 05 05 05 05 05 05 05 05 05 05 05 01 01 01 01 01 01 01 01 01 01 01 01 01 01 01 01 01
01 01 01 01 01 01 01 01 01 01 01 01 01 01 01 01 01 01 01 01 01 01 01 01 01 01 01 01 01 01 01 01 01 01 01 01 01 01 01 01 01 01 01 01 01 01 01 01 01 01 01 01 01 01 01 01 01 01 01 01
01 01 01 01 01 01 01 01 01 01 01 01 01 01 01 01 01 01 01 01 01 01 01 01 01 01 01 01 01 01 01 01 01 01 01 01 01 01 01 01 01 01 01 01 01 01 01 01 01 01 01 01 01 01 01 01 01 01 01 01
00 00 00 00 00 00 00 00 00 00 00 00 00 00 00 00 00 00 00 00 00 00 00 00 00 00 00 00 00 00 00 00 00 00 00 00 00 00 00 00 00 00 00 00 00 00 00 00 00 00 00 00 00 00 00 00 00 00 00 00

appearance palette:
00: fg=Reset, bg=Reset, modifiers=NONE
01: fg=Reset, bg=Rgb(21, 23, 26), modifiers=NONE
02: fg=Rgb(240, 229, 222), bg=Rgb(21, 23, 26), modifiers=BOLD
03: fg=Rgb(236, 110, 93), bg=Rgb(21, 23, 26), modifiers=NONE
04: fg=Rgb(240, 229, 222), bg=Rgb(21, 23, 26), modifiers=NONE
05: fg=Rgb(136, 146, 154), bg=Rgb(21, 23, 26), modifiers=NONE
