␠␠␠␠␠␠␠␠␠␠␠␠␠␠␠␠␠␠␠␠␠␠␠␠␠␠␠␠␠␠␠␠␠␠␠␠␠␠␠␠␠␠␠␠␠␠␠␠␠␠␠␠␠␠␠␠␠␠␠␠
␠␠␠␠␠␠␠␠␠␠␠␠␠␠␠␠␠␠␠␠␠␠␠␠␠␠␠␠␠␠␠␠␠␠␠␠␠␠␠␠␠␠␠␠␠␠␠␠␠␠␠␠␠␠␠␠␠␠␠␠
␠␠␠␠␠␠␠␠␠␠␠␠␠␠␠␠␠␠␠␠␠␠␠␠␠␠␠␠␠␠␠␠␠␠␠␠␠␠␠␠␠␠␠␠␠␠␠␠␠␠␠␠␠␠␠␠␠␠␠␠
␠␠␠␠␠␠␠␠␠␠␠␠␠␠␠␠␠␠␠␠␠␠␠␠␠␠␠␠␠␠␠␠␠␠␠␠␠␠␠␠␠␠␠␠␠␠␠␠␠␠␠␠␠␠␠␠␠␠␠␠
␠␠Would␠you␠like␠to␠run␠the␠following␠command?␠␠␠␠␠␠␠␠␠␠␠␠␠␠
␠␠Approval␠controls␠prompts;␠OS␠isolation␠is␠separate.␠␠␠␠␠␠
␠␠␠␠␠␠␠␠␠␠␠␠␠␠␠␠␠␠␠␠␠␠␠␠␠␠␠␠␠␠␠␠␠␠␠␠␠␠␠␠␠␠␠␠␠␠␠␠␠␠␠␠␠␠␠␠␠␠␠␠
␠␠$␠cargo␠test␠␠␠␠␠␠␠␠␠␠␠␠␠␠␠␠␠␠␠␠␠␠␠␠␠␠␠␠␠␠␠␠␠␠␠␠␠␠␠␠␠␠␠␠␠␠
␠␠␠␠␠␠␠␠␠␠␠␠␠␠␠␠␠␠␠␠␠␠␠␠␠␠␠␠␠␠␠␠␠␠␠␠␠␠␠␠␠␠␠␠␠␠␠␠␠␠␠␠␠␠␠␠␠␠␠␠
›␠1.␠Yes,␠proceed␠(y)␠␠␠␠␠␠␠␠␠␠␠␠␠␠␠␠␠␠␠␠␠␠␠␠␠␠␠␠␠␠␠␠␠␠␠␠␠␠␠
␠␠2.␠No,␠cancel␠this␠tool␠call␠(esc)␠␠␠␠␠␠␠␠␠␠␠␠␠␠␠␠␠␠␠␠␠␠␠␠
␠␠3.␠Always␠allow␠plain␠token␠prefix␠`cargo␠test`␠(r)␠␠␠␠␠␠␠
␠␠␠␠␠␠␠␠␠␠␠␠␠␠␠␠␠␠␠␠␠␠␠␠␠␠␠␠␠␠␠␠␠␠␠␠␠␠␠␠␠␠␠␠␠␠␠␠␠␠␠␠␠␠␠␠␠␠␠␠
␠␠Press␠enter␠to␠confirm␠·␠r␠allows␠this␠token␠prefix␠·␠tab␠
␠␠␠␠␠␠␠␠␠␠␠␠␠␠␠␠␠␠␠␠␠␠␠␠␠␠␠␠␠␠␠␠␠␠␠␠␠␠␠␠␠␠␠␠␠␠␠␠␠␠␠␠␠␠␠␠␠␠␠␠
␠␠␠␠␠␠␠␠␠␠␠␠␠␠␠␠␠␠␠␠␠␠␠␠␠␠␠␠␠␠␠␠␠␠␠␠␠␠␠␠␠␠␠␠␠␠␠␠␠␠␠␠␠␠␠␠␠␠␠␠

cell appearances:
00 00 00 00 00 00 00 00 00 00 00 00 00 00 00 00 00 00 00 00 00 00 00 00 00 00 00 00 00 00 00 00 00 00 00 00 00 00 00 00 00 00 00 00 00 00 00 00 00 00 00 00 00 00 00 00 00 00 00 00
00 00 00 00 00 00 00 00 00 00 00 00 00 00 00 00 00 00 00 00 00 00 00 00 00 00 00 00 00 00 00 00 00 00 00 00 00 00 00 00 00 00 00 00 00 00 00 00 00 00 00 00 00 00 00 00 00 00 00 00
00 00 00 00 00 00 00 00 00 00 00 00 00 00 00 00 00 00 00 00 00 00 00 00 00 00 00 00 00 00 00 00 00 00 00 00 00 00 00 00 00 00 00 00 00 00 00 00 00 00 00 00 00 00 00 00 00 00 00 00
01 01 01 01 01 01 01 01 01 01 01 01 01 01 01 01 01 01 01 01 01 01 01 01 01 01 01 01 01 01 01 01 01 01 01 01 01 01 01 01 01 01 01 01 01 01 01 01 01 01 01 01 01 01 01 01 01 01 01 01
02 02 02 02 02 02 02 02 02 02 02 02 02 02 02 02 02 02 02 02 02 02 02 02 02 02 02 02 02 02 02 02 02 02 02 02 02 02 02 02 02 02 02 02 02 02 01 01 01 01 01 01 01 01 01 01 01 01 01 01
03 03 03 03 03 03 03 03 03 03 03 03 03 03 03 03 03 03 03 03 03 03 03 03 03 03 03 03 03 03 03 03 03 03 03 03 03 03 03 03 03 03 03 03 03 03 03 03 03 03 03 03 03 03 01 01 01 01 01 01
01 01 01 01 01 01 01 01 01 01 01 01 01 01 01 01 01 01 01 01 01 01 01 01 01 01 01 01 01 01 01 01 01 01 01 01 01 01 01 01 01 01 01 01 01 01 01 01 01 01 01 01 01 01 01 01 01 01 01 01
04 04 04 04 04 04 04 04 04 04 04 04 04 04 01 01 01 01 01 01 01 01 01 01 01 01 01 01 01 01 01 01 01 01 01 01 01 01 01 01 01 01 01 01 01 01 01 01 01 01 01 01 01 01 01 01 01 01 01 01
01 01 01 01 01 01 01 01 01 01 01 01 01 01 01 01 01 01 01 01 01 01 01 01 01 01 01 01 01 01 01 01 01 01 01 01 01 01 01 01 01 01 01 01 01 01 01 01 01 01 01 01 01 01 01 01 01 01 01 01
05 05 02 02 02 02 02 02 02 02 02 02 02 02 02 02 02 03 03 03 03 01 01 01 01 01 01 01 01 01 01 01 01 01 01 01 01 01 01 01 01 01 01 01 01 01 01 01 01 01 01 01 01 01 01 01 01 01 01 01
03 03 04 04 04 04 04 04 04 04 04 04 04 04 04 04 04 04 04 04 04 04 04 04 04 04 04 04 04 04 04 03 03 03 03 03 01 01 01 01 01 01 01 01 01 01 01 01 01 01 01 01 01 01 01 01 01 01 01 01
03 03 04 04 04 04 04 04 04 04 04 04 04 04 04 04 04 04 04 04 04 04 04 04 04 04 04 04 04 04 04 04 04 04 04 04 04 04 04 04 04 04 04 04 04 04 04 04 04 03 03 03 03 01 01 01 01 01 01 01
01 01 01 01 01 01 01 01 01 01 01 01 01 01 01 01 01 01 01 01 01 01 01 01 01 01 01 01 01 01 01 01 01 01 01 01 01 01 01 01 01 01 01 01 01 01 01 01 01 01 01 01 01 01 01 01 01 01 01 01
03 03 03 03 03 03 03 03 03 03 03 03 03 03 03 03 03 03 03 03 03 03 03 03 03 03 03 03 03 03 03 03 03 03 03 03 03 03 03 03 03 03 03 03 03 03 03 03 03 03 03 03 03 03 03 03 03 03 03 01
01 01 01 01 01 01 01 01 01 01 01 01 01 01 01 01 01 01 01 01 01 01 01 01 01 01 01 01 01 01 01 01 01 01 01 01 01 01 01 01 01 01 01 01 01 01 01 01 01 01 01 01 01 01 01 01 01 01 01 01
00 00 00 00 00 00 00 00 00 00 00 00 00 00 00 00 00 00 00 00 00 00 00 00 00 00 00 00 00 00 00 00 00 00 00 00 00 00 00 00 00 00 00 00 00 00 00 00 00 00 00 00 00 00 00 00 00 00 00 00

appearance palette:
00: fg=Reset, bg=Reset, modifiers=NONE
01: fg=Reset, bg=Rgb(21, 23, 26), modifiers=NONE
02: fg=Rgb(240, 229, 222), bg=Rgb(21, 23, 26), modifiers=BOLD
03: fg=Rgb(136, 146, 154), bg=Rgb(21, 23, 26), modifiers=NONE
04: fg=Rgb(240, 229, 222), bg=Rgb(21, 23, 26), modifiers=NONE
05: fg=Rgb(236, 110, 93), bg=Rgb(21, 23, 26), modifiers=BOLD
